0 0.102413 0.701415 0.028120 0.060149
0 0.160468 0.812071 0.054124 0.088617
0 0.110516 0.075861 0.051705 0.053721
0 0.600054 0.156673 0.026306 0.061986
0 0.618650 0.099737 0.023585 0.061068
0 0.741806 0.152540 0.046263 0.073006
0 0.809779 0.653295 0.046263 0.080352
0 0.817338 0.554806 0.034773 0.054180
0 0.733853 0.589748 0.047775 0.061068
0 0.525792 0.812347 0.072267 0.095963
0 0.349518 0.512079 0.063064 0.104328
0 0.564602 0.496508 0.049221 0.087200
0 0.553066 0.631200 0.063064 0.099657
0 0.607158 0.420208 0.036916 0.056057