0 0.040660 0.099246 0.039623 0.032987
0 0.130047 0.104624 0.044811 0.035139
0 0.256226 0.068768 0.046226 0.032270
0 0.389198 0.187451 0.065566 0.053066
0 0.536415 0.082394 0.048113 0.043744
0 0.626745 0.053351 0.029717 0.034421
0 0.468491 0.287846 0.026415 0.040158
0 0.437594 0.331949 0.026887 0.048047
0 0.853019 0.083469 0.051887 0.061672
0 0.932264 0.066617 0.033019 0.039441
0 0.753491 0.383581 0.044340 0.036573
0 0.526604 0.720839 0.032075 0.063106
0 0.495000 0.686776 0.009434 0.039441
0 0.526840 0.619726 0.017453 0.025816
0 0.503726 0.650920 0.028774 0.030836
0 0.563396 0.553751 0.042453 0.024382
0 0.200566 0.575265 0.022642 0.058803
0 0.240896 0.582436 0.053302 0.048764
0 0.112453 0.698967 0.029245 0.066691
0 0.101368 0.972689 0.017453 0.022948
0 0.129670 0.926435 0.041038 0.076731
0 0.060000 0.203227 0.016981 0.032987
0 0.216368 0.138687 0.025000 0.034421