0 0.304481 0.479407 0.419811 0.393955
0 0.743106 0.090720 0.033563 0.046834
0 0.706141 0.089342 0.034017 0.045456
0 0.661693 0.086587 0.033110 0.044079
0 0.624501 0.088653 0.031295 0.044079
0 0.582774 0.081422 0.032202 0.026861
0 0.794494 0.075912 0.020410 0.059920
0 0.924982 0.091064 0.029935 0.050278
0 0.965575 0.098296 0.029481 0.028927
0 0.871235 0.061448 0.021317 0.072317
0 0.310867 0.989378 0.045356 0.019285
0 0.283654 0.705620 0.030842 0.044079
0 0.316537 0.707342 0.024946 0.033748
0 0.342344 0.046393 0.040820 0.092786
0 0.286330 0.044671 0.043995 0.089342
0 0.437273 0.032274 0.045809 0.064548