0 0.235495 0.170510 0.064858 0.048349
0 0.352241 0.179464 0.090802 0.041186
0 0.356368 0.238557 0.080189 0.026861
0 0.234906 0.233185 0.068396 0.041186
0 0.184198 0.168719 0.035377 0.030442
0 0.178891 0.201847 0.020047 0.032233
0 0.178302 0.232289 0.023585 0.028651
0 0.182429 0.268999 0.031840 0.034023
0 0.727241 0.171405 0.102594 0.100280
0 0.765566 0.086347 0.091981 0.084163
0 0.093396 0.041579 0.021226 0.066256
0 0.181840 0.364802 0.023585 0.093117
0 0.180660 0.455232 0.025943 0.030442
0 0.181250 0.491942 0.024764 0.032233
0 0.179481 0.523279 0.028302 0.034023
0 0.178891 0.570733 0.024764 0.064465
0 0.248467 0.502686 0.022406 0.028651
0 0.250236 0.531337 0.028302 0.032233
0 0.247288 0.577896 0.031840 0.060884
0 0.069222 0.131115 0.024764 0.041186
0 0.088679 0.170510 0.035377 0.059093
0 0.869929 0.114998 0.088443 0.059093
0 0.961910 0.118580 0.069575 0.059093
0 0.835141 0.192894 0.094340 0.078791
0 0.957783 0.217068 0.082547 0.055512
0 0.288561 0.038893 0.074292 0.075210
0 0.207193 0.030191 0.071934 0.060382
0 0.487854 0.221545 0.034198 0.136094
0 0.483726 0.032626 0.033019 0.059093
0 0.565094 0.183045 0.033019 0.141466
0 0.485495 0.439116 0.036557 0.123559
0 0.256132 0.313767 0.025943 0.059093
0 0.352241 0.299441 0.022406 0.055512
0 0.351061 0.363906 0.022406 0.066256
0 0.391745 0.297650 0.025943 0.055512
0 0.386439 0.483884 0.020047 0.055512
0 0.315094 0.543872 0.021226 0.136094
0 0.385849 0.566256 0.028302 0.094907
0 0.391745 0.381813 0.028302 0.102070
0 0.483726 0.583268 0.033019 0.060884
0 0.536365 0.460027 0.015617 0.069692
0 0.623534 0.501165 0.031871 0.143256
0 0.560269 0.550047 0.030278 0.137449
0 0.562181 0.394884 0.030278 0.140353
0 0.659039 0.319820 0.031871 0.144708
0 0.688488 0.236092 0.042708 0.043074
0 0.732789 0.254967 0.047170 0.045978
0 0.723228 0.344261 0.033146 0.139385
0 0.680839 0.427601 0.017848 0.060013
0 0.706017 0.503343 0.031234 0.137933
0 0.750637 0.434377 0.015298 0.068724
0 0.624005 0.132187 0.032798 0.113598
0 0.377838 0.060279 0.020268 0.038052
0 0.432562 0.025025 0.019900 0.034695
0 0.405660 0.040134 0.037588 0.038052
0 0.878611 0.036776 0.046433 0.024622
0 0.926703 0.037336 0.047538 0.024622
0 0.701651 0.038735 0.021374 0.021824
0 0.650980 0.074269 0.015846 0.030218
0 0.804282 0.274213 0.054909 0.034135
0 0.806677 0.366546 0.031692 0.138220
0 0.778302 0.439014 0.015478 0.060436
0 0.810547 0.484229 0.029113 0.034695
0 0.807230 0.524240 0.028376 0.041970
0 0.807967 0.569847 0.029113 0.050364
0 0.868061 0.267586 0.015874 0.030304
0 0.909107 0.253812 0.035377 0.023417
0 0.901624 0.295824 0.022224 0.023417
0 0.943124 0.337148 0.094340 0.046834
0 0.965153 0.407940 0.045401 0.065361
0 0.894988 0.536423 0.054835 0.073419
0 0.254245 0.386004 0.020047 0.019698
0 0.044045 0.017745 0.025354 0.033128
0 0.838267 0.405254 0.015920 0.120873
0 0.207446 0.754102 0.054919 0.075721
0 0.190263 0.824451 0.048854 0.087489
0 0.186894 0.946475 0.035377 0.058326
0 0.316240 0.765255 0.072776 0.075721
0 0.290633 0.956861 0.035040 0.074186
0 0.355829 0.961721 0.042116 0.049117
0 0.452931 0.744585 0.043464 0.047070
0 0.453100 0.802144 0.045148 0.049628
0 0.451415 0.865074 0.042453 0.050651
0 0.452257 0.925396 0.040768 0.049117
0 0.536179 0.781120 0.033491 0.051572
0 0.563443 0.789715 0.022170 0.051572
0 0.589151 0.791506 0.033962 0.055154
0 0.617689 0.787925 0.025000 0.055154
0 0.661085 0.790073 0.034434 0.056586
0 0.692925 0.789357 0.030189 0.055154
0 0.725236 0.788283 0.028774 0.060168
0 0.755660 0.792580 0.033019 0.053005
0 0.543396 0.739934 0.053774 0.026502
0 0.609906 0.742441 0.060377 0.025786
0 0.673821 0.745306 0.043868 0.025786
0 0.751651 0.747455 0.050472 0.024354
0 0.767406 0.928316 0.034434 0.141108
0 0.541745 0.886700 0.039151 0.061600
0 0.561792 0.912844 0.039623 0.050856
0 0.578774 0.944719 0.035849 0.054437
0 0.599528 0.972654 0.041509 0.050140