0 0.041509 0.142754 0.073113 0.035814
0 0.047034 0.204429 0.047623 0.025483
0 0.158608 0.054630 0.048530 0.016530
0 0.281522 0.450307 0.025853 0.062675
0 0.307148 0.340110 0.015421 0.062675
0 0.055425 0.316004 0.027213 0.043390
0 0.167906 0.713541 0.089804 0.131548
0 0.166546 0.811341 0.056241 0.042013
0 0.277894 0.926359 0.033110 0.019973
0 0.347515 0.656720 0.067126 0.048211
0 0.365657 0.720428 0.029935 0.039258
0 0.033200 0.446450 0.029935 0.036503
0 0.447524 0.179222 0.038552 0.047523
0 0.574519 0.071435 0.037645 0.050966
0 0.629626 0.098984 0.039913 0.037192
0 0.967163 0.090375 0.041727 0.051655
0 0.870782 0.362080 0.022224 0.063363
0 0.958091 0.356571 0.028120 0.082648
0 0.909788 0.186109 0.032202 0.043390
0 0.965122 0.581442 0.031295 0.077827
0 0.854454 0.718500 0.023131 0.050278
0 0.951968 0.830970 0.065766 0.078516
0 0.971018 0.907419 0.023131 0.033059
0 0.648086 0.532955 0.092979 0.046145
0 0.597968 0.473380 0.040820 0.052344
0 0.433327 0.683788 0.032656 0.079204