0 0.087964 0.241588 0.026165 0.063794
0 0.134213 0.250822 0.058225 0.034135
0 0.584537 0.188315 0.028007 0.069390
0 0.694170 0.036295 0.023216 0.072590
0 0.647185 0.798386 0.032429 0.041410
0 0.613281 0.790552 0.023585 0.027980
0 0.624705 0.716405 0.044222 0.047566
0 0.330999 0.829164 0.028007 0.062675
0 0.220187 0.732074 0.026902 0.055400
0 0.347214 0.271471 0.042748 0.090654
0 0.348135 0.489265 0.036483 0.069390
0 0.363981 0.441700 0.028376 0.042529
0 0.586085 0.422622 0.028945 0.069186
0 0.593053 0.505646 0.042882 0.039884
0 0.582940 0.652089 0.040993 0.092093
0 0.564971 0.816664 0.040993 0.081861
0 0.552336 0.954037 0.028077 0.082714