0 0.052041 0.028589 0.029225 0.045157
0 0.050502 0.094767 0.026148 0.052943
0 0.049221 0.165227 0.021534 0.059950
0 0.103568 0.173792 0.035890 0.052164
0 0.147149 0.187027 0.037941 0.033478
0 0.189192 0.183524 0.034865 0.040486
0 0.232004 0.181966 0.035377 0.040486
0 0.269176 0.185470 0.023585 0.033478
0 0.312244 0.180799 0.042043 0.047493
0 0.106132 0.047664 0.015381 0.021021
0 0.238413 0.028978 0.032814 0.044378
0 0.410839 0.165617 0.024098 0.026471
0 0.418017 0.200652 0.037428 0.029586
0 0.273687 0.056228 0.049221 0.067735
0 0.417248 0.101774 0.033839 0.066957
0 0.608132 0.074524 0.070242 0.043600
0 0.615053 0.014574 0.056399 0.028028
0 0.503538 0.071410 0.034352 0.048271
0 0.469442 0.190531 0.033839 0.029586
0 0.509947 0.188974 0.028712 0.035814
0 0.531224 0.153938 0.017945 0.031143
0 0.614797 0.150824 0.064089 0.062285
0 0.792248 0.152381 0.085111 0.158828
0 0.978158 0.352551 0.039992 0.031921
0 0.936372 0.363840 0.036403 0.060728
0 0.893048 0.349047 0.037941 0.032700
0 0.848698 0.353329 0.027174 0.035036
0 0.809988 0.354108 0.038966 0.036593
0 0.769740 0.348658 0.034352 0.038150
0 0.732824 0.346322 0.024098 0.039707
0 0.688731 0.340483 0.035377 0.031143
0 0.648226 0.339704 0.034352 0.032700
0 0.596698 0.338926 0.030763 0.037371
0 0.557014 0.342429 0.037941 0.042821
0 0.517022 0.337758 0.037941 0.036593
0 0.478312 0.337369 0.030250 0.028028
0 0.435500 0.335033 0.037941 0.032700
0 0.393612 0.333865 0.035377 0.035036
0 0.351825 0.333476 0.038966 0.042043
0 0.310142 0.329194 0.033326 0.030364
0 0.263484 0.330361 0.024098 0.032700
0 0.232465 0.327247 0.030763 0.042043
0 0.188013 0.329972 0.038454 0.035036
0 0.144432 0.331919 0.038454 0.048271
0 0.101107 0.329583 0.029737 0.046714
0 0.055732 0.320240 0.034352 0.037371
0 0.053681 0.382136 0.029225 0.047493
0 0.087520 0.407050 0.017945 0.025693
0 0.050349 0.455322 0.020509 0.058393
0 0.048810 0.523446 0.021534 0.059171
0 0.226466 0.444032 0.034352 0.054500
0 0.267484 0.447925 0.037428 0.037371
0 0.309270 0.452986 0.036916 0.035036
0 0.137767 0.521500 0.033326 0.059950
0 0.350543 0.452597 0.036403 0.046714
0 0.062654 0.662966 0.049221 0.035814
0 0.115389 0.665981 0.046580 0.033128
0 0.047877 0.726417 0.020047 0.050140
0 0.051415 0.787301 0.025943 0.042977
0 0.046698 0.848633 0.020047 0.043872
0 0.146934 0.709853 0.038915 0.070733
0 0.222111 0.632405 0.041863 0.073419
0 0.179363 0.479210 0.047170 0.061779
0 0.254245 0.582624 0.051887 0.066256
0 0.307311 0.581728 0.035377 0.035814
0 0.348585 0.586205 0.037736 0.044768
0 0.388384 0.592920 0.035967 0.051035
0 0.428479 0.585757 0.039505 0.036709
0 0.391333 0.457274 0.033608 0.034023
0 0.432016 0.454140 0.039505 0.049244
0 0.473290 0.451007 0.035967 0.032233
0 0.514967 0.455473 0.038099 0.052344
0 0.554653 0.460294 0.035831 0.046834
0 0.597515 0.454784 0.038099 0.053721
0 0.644004 0.459949 0.040366 0.046145
0 0.686411 0.468214 0.036284 0.028238
0 0.728365 0.448585 0.035831 0.077138
0 0.763516 0.475446 0.029028 0.031682
0 0.809325 0.478545 0.039006 0.032370
0 0.853093 0.474757 0.034924 0.031682
0 0.932012 0.469936 0.035831 0.057854
0 0.470746 0.590258 0.034924 0.047523
0 0.511339 0.597834 0.034470 0.061297
0 0.555334 0.590602 0.033563 0.041324
0 0.593433 0.610575 0.037192 0.061986
0 0.641509 0.610920 0.038099 0.055787
0 0.683010 0.592668 0.037645 0.031682
0 0.724283 0.596112 0.036738 0.031682
0 0.764695 0.597489 0.037192 0.030304
0 0.806196 0.608165 0.035831 0.040635
0 0.847469 0.605065 0.036738 0.033059
0 0.890784 0.611953 0.036284 0.044079
0 0.929291 0.604377 0.035831 0.031682
0 0.968977 0.619529 0.033563 0.059231
0 0.982402 0.903975 0.035196 0.035814
0 0.941900 0.893989 0.035831 0.037880
0 0.901397 0.902254 0.042634 0.075072
0 0.862391 0.892956 0.027213 0.059231
0 0.820210 0.890545 0.040820 0.051655
0 0.831323 0.944611 0.019503 0.044079
0 0.756259 0.971816 0.021771 0.032370
0 0.664868 0.919816 0.034924 0.037192
0 0.698884 0.978359 0.031295 0.035814
0 0.619058 0.916648 0.028574 0.034437
0 0.581867 0.975948 0.038552 0.046145
0 0.702739 0.920161 0.028120 0.042013
0 0.983355 0.772083 0.033290 0.040635
0 0.942217 0.769328 0.038099 0.040635
0 0.900717 0.758653 0.038552 0.042701
0 0.862391 0.757275 0.030842 0.039947
0 0.817489 0.756242 0.039006 0.043390
0 0.733581 0.760030 0.038099 0.056476
0 0.683237 0.780692 0.035377 0.052344
0 0.639015 0.779315 0.035831 0.063363
0 0.774401 0.744534 0.032656 0.055787
0 0.795628 0.663608 0.018142 0.028927
0 0.885432 0.663263 0.018142 0.028238
0 0.587899 0.782758 0.030842 0.046834
0 0.543904 0.766918 0.045356 0.048211
0 0.425073 0.716365 0.039006 0.041324
0 0.467480 0.724285 0.041274 0.046145
0 0.652531 0.668498 0.012246 0.019973
0 0.468024 0.950809 0.075744 0.078516
0 0.420628 0.839579 0.051705 0.054410
0 0.378402 0.837168 0.028574 0.041324
0 0.302885 0.845089 0.021771 0.055787
0 0.237119 0.942545 0.052612 0.042701
0 0.286330 0.940478 0.036738 0.034437
0 0.259797 0.841301 0.039006 0.060609
0 0.211493 0.813751 0.043088 0.061986
0 0.304245 0.688402 0.035377 0.042701
0 0.346426 0.693223 0.041727 0.060609
0 0.257030 0.695289 0.037645 0.052344
0 0.175844 0.770017 0.046716 0.059920
0 0.173349 0.937035 0.041727 0.046834
0 0.108717 0.932214 0.051252 0.048211
0 0.043859 0.920505 0.025853 0.060609