0 0.207396 0.088718 0.066824 0.114330
0 0.083273 0.189962 0.062893 0.110197
0 0.156295 0.326377 0.042634 0.091372
0 0.201802 0.420044 0.038703 0.105147
0 0.466195 0.320178 0.042937 0.060609
0 0.476022 0.414305 0.072267 0.109279
0 0.488873 0.214802 0.032051 0.058313
0 0.448809 0.101115 0.049891 0.096882
0 0.773736 0.232893 0.040820 0.061986
0 0.831187 0.368711 0.056543 0.061986
0 0.866262 0.419677 0.021468 0.032600
0 0.945180 0.749396 0.029935 0.059690
0 0.920839 0.953858 0.060474 0.084944
0 0.661768 0.969010 0.039913 0.042701
0 0.700018 0.739570 0.063195 0.103769
0 0.073990 0.756651 0.062591 0.052344
0 0.015935 0.698797 0.030539 0.070710
0 0.164550 0.670789 0.052008 0.047752
0 0.215197 0.737826 0.038401 0.030304
0 0.137186 0.751141 0.031749 0.062445
0 0.469340 0.708440 0.058055 0.069792
0 0.683327 0.447043 0.050496 0.056476
0 0.707063 0.266273 0.018142 0.034896